0,1,2,3,4,5,6
0.0,24.256427250379144,10.748743275630439,32.02275173216915,24.06545046250504,35.357185339951485,33.18622236718985
24.256427250379144,0.0,18.291597204212326,8.554687339821172,27.720159674777857,14.00087686577666,14.931247307305357
10.748743275630439,18.291597204212326,0.0,24.393349692615715,15.04006714989275,26.37241829343182,23.427967784533248
32.02275173216915,8.554687339821172,24.393349692615715,0.0,29.933841586796536,6.430542850519259,9.689845007140958
24.06545046250504,27.720159674777857,15.04006714989275,29.933841586796536,0.0,28.482318727563836,23.75143749418392
35.357185339951485,14.00087686577666,26.37241829343182,6.430542850519259,28.482318727563836,0.0,5.030700146648541
33.18622236718985,14.931247307305357,23.427967784533248,9.689845007140958,23.75143749418392,5.030700146648541,0.0
